2
4 200 300 400 600
5 100 200 300 400 2000
10 900 900 900 900 900 900 900 900 900 900 900 900 900 900 900 900 900 900 900
20 900 900 900 900 900 900 900 900 900 900 900 900 900 900 900 900 900 900 900 900
20 900 900 900 900 900 900 900 900 900 900 900 900 900 900 900 900 900 900 900 900
20 10000 10000 10000 10000 10000 10000 10000 10000 10000 10000 10000 10000 10000 10000 10000 10000 10000 10000 10000 10000
20 1000 2000 3000 4000 5000 6000 7000 8000 9000 10000 11000 12000 13000 14000 15000 16000 17000 18000 19000 20000
20 11000 12000 13000 14000 15000 16000 17000 18000 19000 20000 1000 2000 3000 4000 5000 6000 7000 8000 9000 10000 
20 4001 13099 7007 10006 12007 14002 3008 5032 16029 1019 17012 20010 4623 18001 9039 11012 2013 19043
$
